1759887826165 0.402289479970932 0
1759887826175 0.3843723237514496 1
1759887826184 0.36752039194107056 2
1759887826193 0.35142603516578674 3
1759887826202 0.3357747793197632 4
1759887826211 0.3203229010105133 5
1759887826219 0.3049120008945465 6
1759887826227 0.2894519567489624 7
1759887826236 0.2739165425300598 8
1759887826244 0.2583518922328949 9
1759887826253 0.24290476739406586 10
1759887826263 0.227880597114563 11
1759887826272 0.21383953094482422 12
1759887826281 0.20172321796417236 13
1759887826290 0.19292432069778442 14
1759887826299 0.18893909454345703 15
1759887826308 0.18979255855083466 16
1759887826317 0.19187520444393158 17
1759887826326 0.19023913145065308 18
1759887826334 0.18340790271759033 19
1759887826342 0.17322242259979248 20
1759887826352 0.16232065856456757 21
1759887826360 0.15253004431724548 22
1759887826369 0.14445380866527557 23
1759887826377 0.13776680827140808 24
1759887826386 0.1317087709903717 25
1759887826394 0.12546731531620026 26
1759887826402 0.11839442700147629 27
1759887826410 0.11012160032987595 28
1759887826418 0.10065636038780212 29
1759887826426 0.09050559997558594 30
1759887826435 0.0807778462767601 31
1759887826444 0.07299821823835373 32
1759887826452 0.06804773956537247 33
1759887826460 0.06434445828199387 34
1759887826469 0.05875260755419731 35
1759887826477 0.05123787000775337 36
1759887826485 0.04505160450935364 37
1759887826493 0.04224275052547455 38
1759887826501 0.04152076318860054 39
1759887826509 0.040307167917490005 40
1759887826519 0.037708207964897156 41
1759887826529 0.0353284515440464 42
1759887826537 0.03533509001135826 43
1759887826546 0.03667039796710014 44
1759887826555 0.03614949807524681 45
1759887826564 0.03445708379149437 46
1759887826573 0.03391304239630699 47
1759887826582 0.034070223569869995 48
1759887826591 0.0332181341946125 49
1759887826165 0.402289479970932 0
